n=no of courses       ->5
q=no of prerequisites ->7
pre=[[],[],[],[],[]]

0 4
pre=[[4],[],[],[],[]]

0 3
0 2
pre=[[4,3,2],[],[],[],[]]

1 4
2 4
3 4
pre=[[4,3,2],[4],[4],[4],[]]

2 3
pre=[[4,3,2],[4],[4,3],[4],[]]

res=[]
ind=[0,0,0,0,0]
->ind=[0,0,0,0,1]
->ind=[0,0,0,1,1]
->ind=[0,0,1,1,1]
->ind=[0,0,1,1,2]
->ind=[0,0,1,1,3]
->ind=[0,0,1,2,3]
->ind=[0,0,1,2,4]

stk=[]
stk=[0,1]


x=1
stk=[0]
res=[1]

->ind=[0,0,1,2,3]

x=0
stk=[]
res=[1,0]
->ind=[0,0,0,1,2]
stk=[2]

x=2
stk=[]
res=[1,0,2]
->ind=[0,0,0,0,1]
stk=[3]

x=3
stk=[]
res=[1,0,2,3]
->ind=[0,0,0,0,0]
stk=[4]

x=4
stk=[]
res=[1,0,2,3,4]
->ind=[0,0,0,0,0]






